10
-0.000466 -0.000054 -0.000076 -0.000065 -0.000111 -0.000201 -0.000086 -0.000166 -0.000073 -0.000189
-0.000054 -0.000248  0.000003 -0.000034 -0.000049 -0.000117 -0.000046 -0.000059 -0.000051 -0.000079
-0.000076  0.000003 -0.000662 -0.000021 -0.000084 -0.000054 -0.000017 -0.000164  0.000012 -0.000080
-0.000065 -0.000034 -0.000021 -0.000220 -0.000040 -0.000049 -0.000027 -0.000043 -0.000158 -0.000019
-0.000111 -0.000049 -0.000084 -0.000040 -0.000125 -0.000100 -0.000049 -0.000078 -0.000042 -0.000095
-0.000201 -0.000117 -0.000054 -0.000049 -0.000100 -0.000386 -0.000084 -0.000153 -0.000063 -0.000171
-0.000086 -0.000046 -0.000017 -0.000027 -0.000049 -0.000084 -0.000149 -0.000057 -0.000035 -0.000101
-0.000166 -0.000059 -0.000164 -0.000043 -0.000078 -0.000153 -0.000057 -0.000374 -0.000034 -0.000140
-0.000073 -0.000051  0.000012 -0.000158 -0.000042 -0.000063 -0.000035 -0.000034 -0.000219 -0.000016
-0.000189 -0.000079 -0.000080 -0.000019 -0.000095 -0.000171 -0.000101 -0.000140 -0.000016 -0.000366
0.0 0.0 0.0 0.0 0.0 0.0 0.0 0.0 0.0 0.0
23
-0.00271556 -0.00107799 0.0016324 -0.00025889 -0.00196274 -0.00282205 0.00022069 0.00085325 -0.0017057 -0.00293179 -0.002
1 1 1 1 1 1 1 1 1 1 1
-1 -1 -1 -1 -1 -1 -1 -1 -1 -1 -1
1 0 0 0 0 0 0 0 0 0 0.25
0 1 0 0 0 0 0 0 0 0 0.25
0 0 1 0 0 0 0 0 0 0 0.25
0 0 0 1 0 0 0 0 0 0 0.25
0 0 0 0 1 0 0 0 0 0 0.25
0 0 0 0 0 1 0 0 0 0 0.25
0 0 0 0 0 0 1 0 0 0 0.25
0 0 0 0 0 0 0 1 0 0 0.25
0 0 0 0 0 0 0 0 1 0 0.25
0 0 0 0 0 0 0 0 0 1 0.25
-1 0 0 0 0 0 0 0 0 0 0
0 -1 0 0 0 0 0 0 0 0 0
0 0 -1 0 0 0 0 0 0 0 0
0 0 0 -1 0 0 0 0 0 0 0
0 0 0 0 -1 0 0 0 0 0 0
0 0 0 0 0 -1 0 0 0 0 0
0 0 0 0 0 0 -1 0 0 0 0
0 0 0 0 0 0 0 -1 0 0 0
0 0 0 0 0 0 0 0 -1 0 0
0 0 0 0 0 0 0 0 0 -1 0